X=X'

X =

  Columns 1 through 9

         0    6.8000   14.8000   24.5000   36.6000   51.7000   70.2000   94.6000  125.3000

  Columns 10 through 16

  162.1000  205.3000  256.0000  312.0000  376.2000  450.7000  541.3000

Y=0

Y =

     0

Y=Y'

Y =

  Columns 1 through 7

           0        1000        2000        3000        4000        5000        6000

  Columns 8 through 14

        7000        8000        9000       10000       11000       12000       13000

  Columns 15 through 16

       14000       15000

A =

     0

A=A';

plot(A,Y,'rs','MarkerFaceColor','r')
hold on
plot(X,Y,'s','MarkerFaceColor','b')
legend('Propuesta','SANOP 44',1)

